cv= ([(3439762469, 29), (3694970364, 22), (3945510469, 22)], [(29969366, 17), (439309462, 18), (1801728772, 29), (3439762469, 29), (3694970364, 22), (3945510469, 22), (4265068917, 25)])
3 10 3 7
jd= ([(27600778, 34), (3369259700, 21), (3945510469, 10)], [(29969366, 29), (48288908, 50), (315400134, 38), (414939503, 57), (891054357, 36), (3569589400, 28), (3646538398, 33), (3723042291, 34), (4107414206, 29), (4265068917, 25)]) 0
3 1 3 7
jd= ([(3439762469, 29), (3694970364, 22), (3945510469, 22)], [(3694970364, 1)]) 0
3 10 3 7
jd= ([(3439762469, 29), (3694970364, 22), (3945510469, 22)], [(78606356, 20), (306307186, 34), (787016426, 37), (1839534866, 27), (2642457546, 35), (2728540676, 26), (3478568377, 20), (3643289185, 19), (3813193993, 25), (3945371473, 21)]) 0
3 10 3 7
jd= ([(3439762469, 29), (3694970364, 22), (3945510469, 22)], [(336470239, 73), (590774172, 3), (689987911, 5), (1115802360, 23), (1516753485, 12), (1553397798, 16), (2258739584, 19), (2755064939, 98), (2878023517, 200), (3720204347, 17)]) 0
3 10 3 7
jd= ([(3439762469, 29), (3694970364, 22), (3945510469, 22)], [(149060479, 26), (322702386, 41), (636181722, 27), (1700651049, 23), (2409917979, 26), (2788647863, 27), (3041134569, 44), (3387197941, 22), (3558047351, 31), (3724812954, 22)]) 0
3 1 3 7
jd= ([(3439762469, 29), (3694970364, 22), (3945510469, 22)], [(3694970364, 1)]) 0
3 10 3 7
jd= ([(3439762469, 29), (3694970364, 22), (3945510469, 22)], [(91849710, 38), (100607450, 35), (139118951, 41), (173233937, 49), (636181722, 26), (2669180895, 44), (2859604824, 36), (3136239727, 30), (3309948841, 31), (3885494868, 24)]) 0
2 10 3 7
jd= ([(2735350436, 29), (3806732031, 29)], [(350756338, 43), (468587106, 62), (759153144, 30), (1181539885, 61), (1729450337, 36), (2665227142, 40), (2978352038, 87), (3439762469, 40), (3694970364, 28), (3945510469, 41)]) 0
3 10 3 7
jd= ([(3439762469, 29), (3694970364, 22), (3945510469, 22)], [(507045522, 48), (828536152, 41), (964468820, 31), (1015153894, 34), (1079458074, 50), (1115802360, 57), (2946158243, 35), (3277879772, 56), (3654641004, 66), (4023926567, 416)]) 0
2 10 3 7
jd= ([(3255960416, 26), (3945510469, 15)], [(29969366, 13), (413288852, 20), (477815436, 22), (513729935, 13), (1536974006, 20), (2161277074, 23), (3369259700, 14), (3387197941, 13), (4071210623, 33), (4265068917, 31)]) 0
2 10 3 7
jd= ([(136674726, 24), (3945510469, 15)], [(29969366, 15), (136674726, 66), (469531987, 41), (993964803, 18), (2758592785, 15), (2788423730, 45), (3479232830, 29), (3668938099, 33), (4021724664, 29), (4265068917, 27)]) 0
2 10 3 7
jd= ([(136674726, 24), (3945510469, 15)], [(29969366, 15), (136674726, 66), (469531987, 41), (993964803, 18), (2758592785, 15), (2788423730, 45), (3479232830, 29), (3668938099, 33), (4021724664, 29), (4265068917, 27)]) 0
3 10 3 7
jd= ([(217307280, 1), (1348084234, 1), (3945510469, 1)], [(29969366, 79), (37487736, 71), (195403283, 153), (217307280, 287), (881044100, 54), (1292931431, 47), (2027266479, 44), (2915563707, 45), (3463560980, 46), (4265068917, 80)]) 0
3 10 3 7
jd= ([(217307280, 1), (1348084234, 1), (3945510469, 1)], [(29969366, 79), (37487736, 71), (195403283, 153), (217307280, 287), (881044100, 54), (1292931431, 47), (2027266479, 44), (2915563707, 45), (3463560980, 46), (4265068917, 80)]) 0
3 10 3 7
jd= ([(217307280, 1), (1348084234, 1), (3945510469, 1)], [(29969366, 79), (37487736, 71), (195403283, 153), (217307280, 287), (881044100, 54), (1292931431, 47), (2027266479, 44), (2915563707, 45), (3463560980, 46), (4265068917, 80)]) 0
3 10 3 7
jd= ([(217307280, 1), (1348084234, 1), (3945510469, 1)], [(29969366, 79), (37487736, 71), (195403283, 153), (217307280, 287), (881044100, 54), (1292931431, 47), (2027266479, 44), (2915563707, 45), (3463560980, 46), (4265068917, 80)]) 0
2 10 3 7
jd= ([(2979626971, 15), (3945510469, 15)], [(29969366, 26), (428021150, 19), (805173368, 33), (1527991311, 19), (1955953406, 29), (3292114526, 43), (3370542103, 42), (3470801416, 28), (3762050056, 25), (4265068917, 37)]) 0
3 10 3 7
jd= ([(3439762469, 29), (3694970364, 22), (3945510469, 22)], [(297014750, 41), (322702386, 36), (708937138, 38), (1210818873, 68), (1214446332, 84), (1600588261, 50), (2012379448, 43), (2462123471, 45), (3835920048, 41), (3992648758, 44)]) 0
3 10 3 7
jd= ([(3439762469, 29), (3694970364, 22), (3945510469, 22)], [(149060479, 26), (322702386, 41), (636181722, 27), (1700651049, 23), (2409917979, 26), (2788647863, 27), (3041134569, 44), (3387197941, 22), (3558047351, 31), (3724812954, 22)]) 0
3 10 3 7
jd= ([(3439762469, 29), (3694970364, 22), (3945510469, 22)], [(336470239, 73), (590774172, 3), (689987911, 5), (1115802360, 23), (1516753485, 12), (1553397798, 16), (2258739584, 19), (2755064939, 98), (2878023517, 200), (3720204347, 17)]) 0
3 10 3 7
jd= ([(3439762469, 29), (3694970364, 22), (3945510469, 22)], [(48485101, 44), (507045522, 56), (1164495902, 46), (1425743298, 83), (1449733136, 59), (1506421537, 66), (1743729957, 38), (2582660917, 44), (2727245620, 60), (3453604243, 41)]) 0
4 10 3 7
jd= ([(2131937504, 36), (3385170744, 12), (3421505977, 49), (3945510469, 10)], [(29969366, 24), (69551480, 37), (91077036, 59), (203792778, 25), (336468552, 24), (748434100, 157), (885441804, 59), (3637439636, 39), (3654641004, 29), (4265068917, 23)]) 0
3 10 3 7
jd= ([(29969366, 15), (328425577, 17), (3945510469, 7)], [(843394750, 37), (1019590091, 28), (1663944617, 27), (2038414748, 31), (2158197201, 41), (2370861737, 40), (2927782709, 25), (3385170744, 26), (4265068917, 37), (4275436150, 32)]) 0
4 10 3 7
jd= ([(1801728772, 51), (2254747362, 20), (2990693069, 15), (3945510469, 15)], [(29969366, 17), (604275003, 16), (983894763, 20), (1365619113, 23), (1419925137, 32), (3026325598, 43), (3292114526, 19), (4109978530, 18), (4112150976, 17), (4136446617, 34)]) 0
3 10 3 7
jd= ([(3439762469, 29), (3694970364, 22), (3945510469, 22)], [(336470239, 73), (590774172, 3), (689987911, 5), (1115802360, 23), (1516753485, 12), (1553397798, 16), (2258739584, 19), (2755064939, 98), (2878023517, 200), (3720204347, 17)]) 0
3 10 3 7
jd= ([(3439762469, 29), (3694970364, 22), (3945510469, 22)], [(149060479, 26), (322702386, 41), (636181722, 27), (1700651049, 23), (2409917979, 26), (2788647863, 27), (3041134569, 44), (3387197941, 22), (3558047351, 31), (3724812954, 22)]) 0
3 10 3 7
jd= ([(3439762469, 29), (3694970364, 22), (3945510469, 22)], [(48485101, 44), (507045522, 56), (1164495902, 46), (1425743298, 83), (1449733136, 59), (1506421537, 66), (1743729957, 38), (2582660917, 44), (2727245620, 60), (3453604243, 41)]) 0
3 10 3 7
jd= ([(3439762469, 29), (3694970364, 22), (3945510469, 22)], [(149060479, 26), (322702386, 41), (636181722, 27), (1700651049, 23), (2409917979, 26), (2788647863, 27), (3041134569, 44), (3387197941, 22), (3558047351, 31), (3724812954, 22)]) 0
3 10 3 7
jd= ([(3439762469, 29), (3694970364, 22), (3945510469, 22)], [(973763327, 37), (1043651193, 33), (2175455398, 53), (2292879897, 43), (2581440075, 29), (3207096015, 50), (3599212730, 50), (3663885179, 75), (3786635839, 43), (4235264961, 56)]) 0
3 10 3 7
jd= ([(29969366, 9), (2921567644, 59), (3945510469, 12)], [(1006873946, 38), (1057737475, 29), (1645172029, 24), (2139057158, 79), (2928973050, 29), (3164048204, 24), (3389877659, 35), (3932835043, 35), (4251316573, 74), (4265068917, 44)]) 0
3 1 3 7
jd= ([(3439762469, 29), (3694970364, 22), (3945510469, 22)], [(3694970364, 1)]) 0
3 3 3 7
jd= ([(2642457546, 7), (3439762469, 44), (3945510469, 20)], [(439309462, 47), (1970222949, 7), (2991608515, 14)]) 0
3 10 3 7
jd= ([(195403283, 42), (217307280, 57), (3945510469, 1)], [(29969366, 89), (195403283, 143), (217307280, 288), (646941404, 44), (2027266479, 44), (2185772260, 32), (2915563707, 45), (3296108268, 33), (3452602890, 31), (4265068917, 81)]) 0
4 10 3 7
jd= ([(29969366, 9), (328425577, 11), (2331133902, 24), (3945510469, 19)], [(99847253, 42), (459912527, 46), (787016426, 59), (1214446332, 57), (2362718401, 38), (3082132101, 50), (3557704597, 55), (3655586432, 74), (3802258617, 39), (4265068917, 37)]) 0
3 10 3 7
jd= ([(3439762469, 29), (3694970364, 22), (3945510469, 22)], [(508159799, 53), (637168624, 41), (1015649812, 41), (1452887175, 60), (1562824368, 42), (2071398530, 66), (2754177796, 50), (3192437440, 46), (3251147050, 42), (3646485811, 51)]) 0
3 10 3 7
jd= ([(29969366, 15), (328425577, 17), (3945510469, 7)], [(375237160, 43), (789953992, 64), (867970239, 223), (1037535097, 83), (1539055775, 104), (3294589006, 55), (3815237623, 42), (3994974147, 46), (4081448581, 45), (4265068917, 61)]) 0
4 10 3 7
jd= ([(1486984292, 10), (3439762469, 31), (3694970364, 36), (3945510469, 22)], [(61300102, 17), (181688575, 18), (734887082, 42), (1257571779, 40), (1732215984, 38), (2642457546, 35), (2761035275, 25), (3265364394, 66), (3630361537, 21), (4193256445, 21)]) 0
4 10 3 7
jd= ([(1486984292, 10), (3439762469, 31), (3694970364, 36), (3945510469, 22)], [(61300102, 17), (181688575, 18), (734887082, 42), (1257571779, 40), (1732215984, 38), (2642457546, 35), (2761035275, 25), (3265364394, 66), (3630361537, 21), (4193256445, 21)]) 0
4 10 3 7
jd= ([(1486984292, 10), (3439762469, 31), (3694970364, 36), (3945510469, 22)], [(61300102, 17), (181688575, 18), (734887082, 42), (1257571779, 40), (1732215984, 38), (2642457546, 35), (2761035275, 25), (3265364394, 66), (3630361537, 21), (4193256445, 21)]) 0
4 10 3 7
jd= ([(1486984292, 10), (3439762469, 31), (3694970364, 36), (3945510469, 22)], [(61300102, 17), (181688575, 18), (734887082, 42), (1257571779, 40), (1732215984, 38), (2642457546, 35), (2761035275, 25), (3265364394, 66), (3630361537, 21), (4193256445, 21)]) 0
4 10 3 7
jd= ([(1486984292, 10), (3439762469, 31), (3694970364, 36), (3945510469, 22)], [(61300102, 17), (181688575, 18), (734887082, 42), (1257571779, 40), (1732215984, 38), (2642457546, 35), (2761035275, 25), (3265364394, 66), (3630361537, 21), (4193256445, 21)]) 0
4 10 3 7
jd= ([(1486984292, 10), (3439762469, 31), (3694970364, 36), (3945510469, 22)], [(61300102, 17), (181688575, 18), (734887082, 42), (1257571779, 40), (1732215984, 38), (2642457546, 35), (2761035275, 25), (3265364394, 66), (3630361537, 21), (4193256445, 21)]) 0
4 10 3 7
jd= ([(1486984292, 10), (3439762469, 31), (3694970364, 36), (3945510469, 22)], [(61300102, 17), (181688575, 18), (734887082, 42), (1257571779, 40), (1732215984, 38), (2642457546, 35), (2761035275, 25), (3265364394, 66), (3630361537, 21), (4193256445, 21)]) 0
4 10 3 7
jd= ([(1486984292, 10), (3439762469, 31), (3694970364, 36), (3945510469, 22)], [(61300102, 17), (181688575, 18), (734887082, 42), (1257571779, 40), (1732215984, 38), (2642457546, 35), (2761035275, 25), (3265364394, 66), (3630361537, 21), (4193256445, 21)]) 0
4 10 3 7
jd= ([(1486984292, 10), (3439762469, 31), (3694970364, 36), (3945510469, 22)], [(61300102, 17), (181688575, 18), (734887082, 42), (1257571779, 40), (1732215984, 38), (2642457546, 35), (2761035275, 25), (3265364394, 66), (3630361537, 21), (4193256445, 21)]) 0
4 10 3 7
jd= ([(1486984292, 10), (3439762469, 31), (3694970364, 36), (3945510469, 22)], [(61300102, 17), (181688575, 18), (734887082, 42), (1257571779, 40), (1732215984, 38), (2642457546, 35), (2761035275, 25), (3265364394, 66), (3630361537, 21), (4193256445, 21)]) 0
2 10 3 7
jd= ([(3945510469, 15), (4251316573, 57)], [(29969366, 22), (48288908, 48), (315400134, 43), (1682091352, 24), (1740545741, 37), (2473235568, 289), (3200307578, 28), (3272456782, 28), (3369259700, 29), (4265068917, 44)]) 0
4 10 3 7
jd= ([(2642457546, 17), (3439762469, 32), (3694970364, 34), (3945510469, 19)], [(315308582, 44), (596675539, 58), (1115802360, 49), (1319927093, 50), (1884825024, 51), (1928904813, 44), (2337083252, 42), (2563560435, 46), (2642457546, 50), (3242066968, 61)]) 0
3 10 3 7
jd= ([(3439762469, 29), (3694970364, 22), (3945510469, 22)], [(277912681, 41), (795099323, 239), (1115802360, 72), (2498408063, 76), (2545178043, 38), (2909193295, 48), (2915573396, 38), (3287381265, 292), (3555163537, 264), (4251436635, 48)]) 0
2 10 3 7
jd= ([(1017924978, 20), (3945510469, 15)], [(29969366, 30), (878818487, 27), (1544413774, 31), (1645172029, 45), (2010142901, 49), (2015620563, 52), (2201418452, 40), (3387197941, 28), (3622146643, 35), (4265068917, 40)]) 0
5 10 3 7
jd= ([(1522929200, 15), (3164137661, 16), (3439762469, 31), (3694970364, 41), (3945510469, 22)], [(273566732, 44), (636181722, 48), (787016426, 33), (1257571779, 41), (2563560435, 43), (2563709118, 31), (2632100568, 33), (2861679895, 34), (3228734243, 38), (3399337936, 37)]) 0
3 10 3 7
jd= ([(3439762469, 29), (3694970364, 22), (3945510469, 22)], [(273566732, 63), (1743729957, 56), (2368666032, 50), (2643411935, 50), (2963582563, 58), (3040412442, 57), (3228734243, 61), (3399337936, 51), (3511150586, 48), (4244099046, 64)]) 0
3 10 3 7
jd= ([(3439762469, 29), (3694970364, 22), (3945510469, 22)], [(1115802360, 29), (1461852687, 30), (2060137878, 58), (2603184592, 23), (2748740671, 54), (2946158243, 39), (3074150909, 31), (3772750978, 31), (4116792635, 24), (4204973922, 24)]) 0
2 5 3 7
jd= ([(2754177796, 29), (3806732031, 29)], [(2754177796, 34), (3439762469, 29), (3694970364, 29), (3806732031, 25), (3945510469, 19)]) 0
3 10 3 7
jd= ([(29969366, 10), (2909834812, 37), (3945510469, 11)], [(29969366, 27), (136674726, 38), (237268571, 41), (955449334, 35), (1177457511, 237), (1189918665, 35), (1299745266, 36), (3031583875, 33), (3972966017, 30), (4265068917, 35)]) 0
3 10 3 7
jd= ([(195403283, 42), (217307280, 57), (3945510469, 1)], [(29969366, 89), (195403283, 151), (217307280, 301), (646941404, 44), (2027266479, 44), (2185772260, 32), (2915563707, 45), (3296108268, 33), (3452602890, 31), (4265068917, 81)]) 0
3 10 3 7
jd= ([(195403283, 42), (217307280, 57), (3945510469, 1)], [(29969366, 91), (195403283, 151), (217307280, 301), (646941404, 44), (2027266479, 44), (2185772260, 32), (2915563707, 45), (3296108268, 33), (3452602890, 31), (4265068917, 81)]) 0
5 10 3 7
jd= ([(3368758949, 12), (3439762469, 29), (3694970364, 41), (3945510469, 21), (4268781408, 18)], [(132761195, 37), (314975171, 29), (1115802360, 65), (1634006796, 38), (2431727602, 43), (2643411935, 36), (3260838642, 36), (3439762469, 37), (3694970364, 34), (3717970457, 30)]) 0
2 10 3 7
jd= ([(3385170744, 1), (3945510469, 1)], [(29969366, 16), (118247409, 28), (2042018417, 14), (2166701519, 18), (3200307578, 23), (3385170744, 17), (3387197941, 16), (3557704597, 15), (4053397617, 27), (4265068917, 23)]) 0
3 10 3 7
jd= ([(1528778145, 15), (2331133902, 26), (3384633479, 12)], [(196531366, 40), (1652285457, 38), (2795988230, 41), (3223594022, 35), (3384633479, 39), (3439762469, 57), (3485857261, 41), (3694970364, 65), (3723042291, 34), (3945510469, 55)]) 0
9 10 3 7
jd= ([(206962681, 5), (934071668, 10), (1649618252, 14), (3164137661, 11), (3439762469, 34), (3694970364, 41), (3846815492, 34), (3945510469, 25), (4134380592, 45)], [(273566732, 63), (636181722, 71), (640945310, 37), (787016426, 44), (1257571779, 36), (1514179166, 46), (2375758793, 44), (2563560435, 64), (2632100568, 56), (3697367625, 36)]) 0
3 10 3 7
jd= ([(3439762469, 29), (3694970364, 22), (3945510469, 22)], [(973763327, 54), (1214446332, 46), (1319927093, 43), (1354085363, 60), (1884825024, 48), (2216090752, 41), (2368666032, 48), (3136239727, 40), (3509011444, 41), (3720204347, 55)]) 0
3 10 3 7
jd= ([(27220490, 29), (1801728772, 24), (3945510469, 22)], [(645432428, 34), (1591635065, 40), (1739955335, 32), (1878089015, 39), (2359979832, 36), (2861679895, 33), (3217042371, 39), (3800076841, 48), (3870224727, 60), (4265068917, 35)]) 0
3 10 3 7
jd= ([(3439762469, 29), (3694970364, 22), (3945510469, 22)], [(149060479, 33), (447322756, 31), (636181722, 59), (1214446332, 50), (1293764277, 57), (2303002968, 33), (2642457546, 39), (2678788869, 29), (3422706374, 33), (4053397617, 29)]) 0
3 10 3 7
jd= ([(136674726, 35), (195403283, 31), (3945510469, 7)], [(29969366, 50), (136674726, 195), (2531493570, 56), (2846186336, 54), (3546025358, 55), (3555163537, 233), (3593726824, 44), (3688318237, 51), (3972966017, 63), (4265068917, 48)]) 0
2 10 3 7
jd= ([(3439762469, 32), (3945510469, 15)], [(1115802360, 62), (1293764277, 57), (1649618252, 39), (2934936977, 33), (3439762469, 35), (3485857261, 49), (3694970364, 46), (3988574774, 43), (4021627540, 37), (4216221278, 66)]) 0
2 10 3 7
jd= ([(1115802360, 20), (1801728772, 33)], [(104694578, 50), (535798704, 49), (1214446332, 59), (1673050409, 92), (2131093015, 43), (2794646132, 164), (2979626971, 51), (3439762469, 47), (3945371473, 64), (3945510469, 44)]) 0
4 10 3 7
jd= ([(1801728772, 37), (3258716088, 9), (3421505977, 28), (3945510469, 16)], [(160166814, 40), (377365125, 54), (924510375, 72), (965250110, 43), (1584412282, 44), (1736219597, 46), (2328302548, 58), (2399562360, 59), (3880016836, 46), (4265068917, 50)]) 0
3 10 3 7
jd= ([(237268571, 17), (1801728772, 33), (1917571325, 28)], [(29969366, 17), (237268571, 23), (258217026, 29), (1486475368, 54), (1670577300, 34), (1917571325, 33), (2155121171, 30), (3350711756, 29), (3668938099, 30), (3945510469, 20)]) 0
2 10 3 7
jd= ([(3458990131, 46), (3945510469, 15)], [(29969366, 58), (1030820509, 46), (1167566078, 78), (1440752973, 43), (2183389712, 93), (2913668680, 48), (2940873748, 50), (3715577900, 50), (3997586183, 263), (4265068917, 65)]) 0
1 10 3 7
jd= ([(439309462, 121)], [(50302907, 35), (236175727, 27), (555227569, 36), (636181722, 26), (2250701926, 35), (3439762469, 38), (3529838940, 39), (3831286700, 520), (3945510469, 23), (4013690902, 26)]) 0
3 10 3 7
jd= ([(3439762469, 29), (3694970364, 22), (3945510469, 22)], [(140226587, 31), (162817998, 24), (249168535, 19), (477815436, 17), (844599083, 22), (1115802360, 36), (2063533424, 18), (2545178043, 40), (3332557486, 34), (4290124764, 17)]) 0
2 10 3 7
jd= ([(1801728772, 33), (3255960416, 26)], [(29969366, 21), (599377230, 27), (858825087, 18), (1319147935, 20), (1395535746, 19), (1740545741, 21), (2262559720, 32), (2730641348, 18), (3670652833, 62), (4265068917, 28)]) 0
5 10 3 7
jd= ([(1673050409, 16), (3036771254, 26), (3439762469, 38), (3694970364, 30), (3945510469, 26)], [(426278674, 21), (459958868, 27), (739286989, 57), (1055474178, 51), (1479153971, 29), (1488261348, 110), (1590180516, 35), (2031813833, 34), (2251215993, 20), (3722731954, 26)]) 0
3 10 3 7
jd= ([(3439762469, 29), (3694970364, 22), (3945510469, 22)], [(591665157, 32), (941121562, 30), (1115802360, 30), (2563560435, 30), (2796063038, 57), (3043784243, 39), (3272456782, 32), (3309948841, 29), (3399337936, 31), (3489355023, 27)]) 0
2 10 3 7
jd= ([(1348084234, 27), (3945510469, 15)], [(29969366, 36), (322702386, 40), (726475101, 38), (745740916, 39), (855748001, 47), (1744114548, 45), (2262559720, 57), (3082132101, 47), (3243635926, 67), (4265068917, 35)]) 0
3 10 3 7
jd= ([(29969366, 15), (328425577, 17), (3945510469, 7)], [(57932847, 33), (164361187, 26), (572563685, 42), (582661525, 37), (885441804, 27), (3109904786, 38), (3557704597, 31), (3932850924, 26), (4011529992, 40), (4265068917, 27)]) 0
2 10 3 7
jd= ([(2545178043, 33), (3846815492, 19)], [(97012454, 49), (986438700, 26), (1951492866, 192), (1967067006, 38), (2175564855, 26), (3399337936, 37), (3439762469, 37), (3694970364, 34), (3771121629, 33), (3945510469, 24)]) 0
3 10 3 7
jd= ([(237268571, 17), (1801728772, 33), (1917571325, 28)], [(29969366, 17), (237268571, 23), (258217026, 29), (1486475368, 54), (1670577300, 34), (1917571325, 33), (2155121171, 30), (3350711756, 29), (3668938099, 30), (3945510469, 20)]) 0
7 10 3 7
jd= ([(1115802360, 34), (1762583383, 19), (2545178043, 29), (3258716088, 7), (3439762469, 33), (3694970364, 29), (3945510469, 21)], [(140226587, 46), (636181722, 54), (1015153894, 44), (1115802360, 148), (1241472650, 46), (1743729957, 51), (1884770112, 328), (3402202012, 60), (4033119418, 52), (4083953170, 44)]) 0
7 10 3 7
jd= ([(1115802360, 34), (1762583383, 19), (2545178043, 29), (3258716088, 7), (3439762469, 33), (3694970364, 29), (3945510469, 21)], [(140226587, 46), (636181722, 54), (1015153894, 44), (1115802360, 148), (1241472650, 46), (1743729957, 51), (1884770112, 328), (3402202012, 60), (4033119418, 52), (4083953170, 44)]) 0
5 10 3 7
jd= ([(665975413, 15), (3164137661, 16), (3439762469, 31), (3694970364, 41), (3945510469, 22)], [(1115802360, 36), (1214446332, 25), (1431753165, 23), (2097036312, 24), (2175564855, 68), (2254747362, 24), (2368666032, 52), (2498408063, 29), (3232694214, 23), (3724812954, 32)]) 0
3 10 3 7
jd= ([(3439762469, 29), (3694970364, 22), (3945510469, 22)], [(245129018, 44), (687187166, 48), (1015153894, 40), (1115802360, 55), (1384393640, 38), (2113545172, 45), (2175564855, 40), (2395831208, 51), (2563560435, 76), (2754177796, 40)]) 0
3 10 3 7
jd= ([(3439762469, 29), (3694970364, 22), (3945510469, 22)], [(273566732, 63), (483703146, 46), (636181722, 53), (1190168680, 43), (1319927093, 79), (1459452168, 46), (1884825024, 51), (2205785613, 44), (2643411935, 44), (2934936977, 43)]) 0
3 10 3 7
jd= ([(3439762469, 29), (3694970364, 22), (3945510469, 22)], [(544710034, 54), (1494835135, 49), (1537465610, 57), (1622746790, 77), (2199387418, 52), (3040412442, 52), (3101811225, 52), (3112777590, 49), (3277879772, 46), (3679765671, 92)]) 0
3 10 3 7
jd= ([(3439762469, 29), (3694970364, 22), (3945510469, 22)], [(795099323, 236), (1211755141, 47), (1492258102, 53), (2090467593, 57), (2112692786, 50), (2452371823, 62), (2462853876, 75), (3287381265, 210), (3971834494, 71), (4244099046, 73)]) 0
4 10 3 7
jd= ([(3439762469, 30), (3485857261, 33), (3694970364, 20), (3945510469, 25)], [(50302907, 35), (636181722, 83), (1148117176, 56), (2250701926, 36), (2303002968, 38), (2738529585, 32), (3260838642, 31), (3831286700, 520), (4207477122, 46), (4233214609, 438)]) 0
1 10 3 7
jd= ([(3945510469, 61)], [(249030561, 18), (893900151, 31), (1431753165, 39), (1590180516, 21), (1649618252, 26), (1836099740, 38), (2611111741, 50), (3439762469, 29), (3694970364, 22), (3945510469, 22)]) 0
3 10 3 7
jd= ([(3439762469, 29), (3694970364, 22), (3945510469, 22)], [(843394750, 44), (1015153894, 41), (1115802360, 48), (1319927093, 49), (1508669137, 39), (1671157654, 42), (2328302548, 49), (3316195776, 41), (3399337936, 57), (3588731176, 48)]) 0
7 10 3 7
jd= ([(1115802360, 34), (1762583383, 19), (2545178043, 29), (3258716088, 7), (3439762469, 33), (3694970364, 29), (3945510469, 21)], [(787016426, 69), (1115802360, 69), (1774351083, 78), (2666356065, 65), (2807347620, 131), (2924665805, 86), (2986341092, 58), (3232306534, 60), (3402202012, 79), (4273421852, 65)]) 0
3 10 3 7
jd= ([(1801728772, 47), (3945510469, 22), (4251316573, 4)], [(28630170, 1731), (838095624, 109), (3021501341, 66), (3231644306, 64), (3243635926, 63), (3294589006, 61), (4054745911, 99), (4104230231, 96), (4251316573, 240), (4265068917, 59)]) 0
2 10 3 7
jd= ([(29969366, 1), (3945510469, 1)], [(47109403, 26), (367482656, 21), (1016372740, 26), (1447223451, 20), (1570284953, 25), (2287851967, 45), (3031583875, 44), (3035342212, 34), (3900904980, 32), (4265068917, 21)]) 0
2 10 3 7
jd= ([(1923675347, 1), (3945510469, 1)], [(29969366, 48), (439050801, 31), (652975011, 35), (661660131, 38), (885441804, 34), (1191124049, 33), (1567044475, 32), (3501883581, 33), (3551939962, 45), (4265068917, 31)]) 0
5 10 3 7
jd= ([(2467265928, 167), (3439762469, 46), (3694970364, 28), (3945510469, 24), (4196672953, 174)], [(41438668, 718), (133536621, 1799), (449607278, 657), (760939060, 864), (991457757, 707), (1397647488, 590), (1579384326, 781), (1812431075, 671), (2559631886, 630), (2892185779, 755)]) 0
3 10 3 7
jd= ([(3439762469, 29), (3694970364, 22), (3945510469, 22)], [(18304421, 66), (636181722, 67), (787016426, 52), (1115802360, 139), (1239968050, 55), (1468977167, 72), (1526374643, 61), (1736219597, 88), (2368666032, 55), (3260838642, 58)]) 0
3 0 3 7
jd= ([(3439762469, 29), (3694970364, 22), (3945510469, 22)], []) 0
1 10 3 7
jd= ([(2772036688, 181)], [(206962681, 19), (636181722, 28), (1649618252, 37), (1867604127, 73), (2471984038, 7), (3184631354, 13), (3439762469, 29), (3692131843, 72), (3694970364, 62), (3945510469, 22)]) 0
3 10 3 7
jd= ([(3439762469, 29), (3694970364, 22), (3945510469, 22)], [(845071868, 31), (1043651193, 51), (1115802360, 32), (1187737261, 75), (2368666032, 49), (2642457546, 34), (3704437892, 41), (3770095964, 33), (4013149106, 32), (4104646909, 50)]) 0
1 10 3 7
jd= ([(439309462, 121)], [(29969366, 11), (461598062, 23), (784549454, 17), (1500823332, 10), (1685150689, 18), (2656290404, 10), (3369096093, 26), (3369259700, 12), (3945510469, 25), (4203408500, 12)]) 0
3 10 3 7
jd= ([(3439762469, 29), (3694970364, 22), (3945510469, 22)], [(507045522, 58), (1115802360, 67), (1214446332, 46), (1459452168, 42), (1645172029, 34), (2142054969, 36), (2368666032, 47), (2642457546, 46), (3228734243, 38), (3399337936, 47)]) 0
3 10 3 7
jd= ([(3439762469, 29), (3694970364, 22), (3945510469, 22)], [(64728861, 38), (367482656, 13), (648652651, 32), (784549454, 19), (1115802360, 28), (2235792240, 15), (2249335356, 31), (2425379207, 38), (4112150976, 18), (4247541423, 25)]) 0
3 10 3 7
jd= ([(3439762469, 29), (3694970364, 22), (3945510469, 22)], [(507045522, 62), (636181722, 34), (941121562, 38), (1080560772, 39), (1115802360, 44), (1214446332, 36), (2015007186, 37), (2516110263, 46), (2647032434, 33), (3124892490, 31)]) 0
2 5 3 7
jd= ([(3945510469, 15), (4251316573, 57)], [(29969366, 15), (1326026118, 9), (2122016182, 3), (2133223070, 6), (4265068917, 30)]) 0
3 10 3 7
jd= ([(3439762469, 29), (3694970364, 22), (3945510469, 22)], [(636181722, 68), (978044438, 68), (1034854916, 65), (1115802360, 149), (1187737261, 49), (1214446332, 58), (1570284953, 52), (1902433050, 83), (2377080447, 51), (3271119891, 63)]) 0
6 10 3 7
jd= ([(3046055059, 38), (3074150909, 25), (3439762469, 31), (3694970364, 35), (3938482472, 11), (3945510469, 20)], [(578147770, 61), (1109570068, 62), (1115802360, 70), (1576607216, 57), (2115386965, 76), (2647032434, 61), (2673644828, 112), (4071678834, 56), (4128593106, 54), (4185586871, 81)]) 0
3 10 3 7
jd= ([(29969366, 15), (328425577, 17), (3945510469, 7)], [(40196024, 72), (144303536, 38), (419082795, 52), (2523081325, 37), (2523390856, 35), (3398335628, 39), (3602183276, 71), (4106976125, 39), (4236778686, 41), (4265068917, 75)]) 0
4 10 3 7
jd= ([(29969366, 15), (1348084234, 27), (1801728772, 19), (3201814061, 26)], [(572563685, 38), (885441804, 39), (1320700758, 46), (1773704653, 45), (2462698057, 53), (3201814061, 60), (3292114526, 52), (4054745911, 46), (4255740279, 35), (4265068917, 48)]) 0
4 10 3 7
jd= ([(3439762469, 30), (3485857261, 33), (3694970364, 20), (3945510469, 25)], [(636181722, 29), (899330235, 31), (1015153894, 18), (1214446332, 34), (1672661914, 59), (1743729957, 15), (1998489279, 30), (3945371473, 14), (4017405142, 34), (4273421852, 37)]) 0
3 10 3 7
jd= ([(3439762469, 29), (3694970364, 22), (3945510469, 22)], [(348649507, 23), (636181722, 39), (1732215984, 29), (1951492866, 281), (2249390719, 22), (2251215993, 32), (2642457546, 52), (3681353055, 23), (3724812954, 24), (4290124764, 21)]) 0
3 10 3 7
jd= ([(3439762469, 29), (3694970364, 22), (3945510469, 22)], [(32224859, 49), (1087522599, 48), (1115802360, 53), (1214446332, 56), (1649618252, 45), (1790807229, 55), (2292879897, 46), (2452371823, 79), (3046255493, 44), (4220488317, 47)]) 0
3 10 3 7
jd= ([(3439762469, 29), (3694970364, 22), (3945510469, 22)], [(636181722, 44), (1115802360, 51), (1291933738, 37), (1456679571, 72), (1652847140, 33), (2097036312, 40), (2643411935, 34), (2647032434, 23), (3119914541, 65), (3800076841, 41)]) 0
2 10 3 7
jd= ([(3369259700, 16), (3945510469, 15)], [(29969366, 24), (297943217, 32), (336468552, 25), (534451925, 10), (828485254, 42), (2366803980, 46), (2683667385, 16), (2744664910, 11), (3201814061, 38), (4265068917, 27)]) 0
3 10 3 7
jd= ([(3439762469, 29), (3694970364, 22), (3945510469, 22)], [(447322756, 23), (636181722, 34), (893774817, 23), (1115802360, 31), (1839534866, 29), (2545178043, 18), (2916571779, 26), (3260838642, 36), (4228022459, 25), (4246303718, 25)]) 0
6 10 3 7
jd= ([(1911250419, 15), (3164137661, 15), (3188767223, 24), (3439762469, 35), (3694970364, 38), (3945510469, 27)], [(636181722, 87), (1015153894, 45), (1080560772, 42), (1214446332, 119), (1429238845, 55), (1800736518, 186), (2490632257, 130), (3253867504, 60), (3851751412, 67), (3934824849, 129)]) 0
3 10 3 7
jd= ([(3439762469, 29), (3694970364, 22), (3945510469, 22)], [(500734280, 39), (1257571779, 39), (1590180516, 55), (2413827981, 37), (2441629197, 56), (3399337936, 57), (3728190519, 39), (3873603854, 41), (4090897609, 39), (4131048094, 41)]) 0
6 10 3 7
jd= ([(1911250419, 15), (3164137661, 15), (3188767223, 24), (3439762469, 35), (3694970364, 38), (3945510469, 27)], [(636181722, 87), (1015153894, 45), (1080560772, 42), (1214446332, 119), (1429238845, 55), (1800736518, 197), (2490632257, 139), (3253867504, 60), (3851751412, 67), (3934824849, 137)]) 0
6 10 3 7
jd= ([(2368666032, 44), (2642457546, 21), (3164137661, 7), (3439762469, 28), (3694970364, 31), (3945510469, 21)], [(105955205, 87), (1092426357, 60), (3085857113, 85), (3296868080, 46), (3381145756, 84), (3392890748, 40), (3469266078, 92), (3827985622, 142), (3904355907, 46), (4257910081, 37)]) 0
3 10 3 7
jd= ([(3439762469, 29), (3694970364, 22), (3945510469, 22)], [(313942237, 44), (437737430, 49), (1115802360, 52), (1214446332, 49), (1456679571, 74), (2175564855, 59), (2303002968, 53), (2738529585, 45), (2871084111, 45), (3251147050, 44)]) 0
3 10 3 7
jd= ([(29969366, 10), (2909834812, 37), (3945510469, 11)], [(195403283, 33), (237268571, 24), (544398511, 51), (844599083, 25), (1895071379, 31), (2270881359, 32), (2909834812, 30), (3031583875, 33), (3972966017, 30), (4265068917, 35)]) 0
3 10 3 7
jd= ([(3439762469, 29), (3694970364, 22), (3945510469, 22)], [(636181722, 123), (886417670, 45), (1115802360, 141), (1468977167, 70), (1526374643, 61), (2368666032, 55), (2916571779, 44), (2978172691, 50), (3260838642, 58), (4251436635, 42)]) 0
3 10 3 7
jd= ([(3439762469, 29), (3694970364, 22), (3945510469, 22)], [(636181722, 54), (644256522, 55), (787016426, 66), (927610263, 54), (1115802360, 133), (1130397112, 77), (1237323385, 69), (2094740895, 91), (2368666032, 60), (2953746410, 52)]) 0
7 10 3 7
jd= ([(29969366, 6), (328425577, 6), (2979626971, 18), (3073684923, 27), (3258716088, 11), (3439762469, 36), (3945510469, 22)], [(153473069, 29), (171372072, 25), (2331189665, 48), (2523081325, 36), (2763586517, 32), (3189814480, 22), (3228734243, 28), (3466723736, 23), (3473244675, 26), (3916851672, 23)]) 0
9 10 3 7
jd= ([(1473218222, 11), (2331133902, 16), (2786430334, 16), (3073684923, 15), (3109469434, 22), (3439762469, 22), (3694970364, 23), (3846815492, 27), (3945510469, 23)], [(170302056, 61), (1026921502, 47), (1928404430, 63), (2169759406, 68), (2320938539, 74), (2854502019, 55), (3045736618, 75), (3259290336, 45), (3726975731, 44), (4115887790, 46)]) 0
3 10 3 7
jd= ([(3439762469, 29), (3694970364, 22), (3945510469, 22)], [(1115802360, 81), (1214446332, 71), (1923920396, 65), (1928310648, 52), (2368666032, 55), (2563560435, 79), (2868913895, 48), (2949463116, 75), (3101811225, 59), (4207477122, 48)]) 0
10 10 3 7
jd= ([(599398258, 20), (1291546521, 13), (1722857320, 22), (2331133902, 19), (3073684923, 16), (3262728867, 16), (3439762469, 25), (3694970364, 31), (3846815492, 39), (3945510469, 23)], [(170302056, 61), (1026921502, 47), (1713409387, 80), (1928404430, 63), (2169759406, 68), (2320938539, 74), (2854502019, 55), (3045736618, 75), (3469433926, 64), (4098485526, 71)]) 0
5 10 3 7
jd= ([(3439762469, 23), (3458990131, 38), (3694970364, 30), (3945510469, 22), (3997586183, 33)], [(885549556, 39), (1569315003, 30), (1744114548, 44), (2173370226, 29), (2362718401, 39), (2949463116, 42), (3190738025, 36), (3200307578, 57), (3385170744, 35), (3387197941, 32)]) 0
5 6 3 7
jd= ([(3432502793, 47), (3714251070, 37), (3793003555, 51), (3945510469, 16), (4265068917, 22)], [(29969366, 6), (1360245454, 22), (1967951688, 17), (2437663939, 21), (3995794804, 12), (4220488317, 26)]) 0
10 10 3 7
jd= ([(1722857320, 24), (2331133902, 31), (2979626971, 16), (3073684923, 15), (3439762469, 27), (3694970364, 23), (3835850857, 23), (3846815492, 28), (3938482472, 38), (3945510469, 25)], [(170302056, 61), (1713409387, 80), (1928404430, 63), (2169759406, 68), (2320938539, 74), (2331133902, 66), (2620220636, 76), (2854502019, 55), (3045736618, 75), (4098485526, 71)]) 0
2 10 3 7
jd= ([(1801728772, 33), (3083372162, 58)], [(29969366, 28), (1479153971, 28), (1801728772, 53), (2061051134, 48), (2254747362, 25), (2563560435, 29), (2979626971, 27), (3083372162, 65), (3724812954, 28), (3945510469, 25)]) 0
4 10 3 7
jd= ([(3439762469, 29), (3694970364, 20), (3835850857, 27), (3945510469, 25)], [(134164593, 65), (639511187, 46), (755561498, 46), (1115802360, 58), (1214446332, 62), (1706293066, 64), (2228208944, 56), (2314838312, 52), (3546610023, 58), (4071926832, 49)]) 0
3 10 3 7
jd= ([(534675845, 16), (3398335628, 28), (3945510469, 14)], [(29969366, 28), (121137342, 42), (534675845, 55), (1170098974, 46), (2027266479, 40), (2053960731, 43), (3782969168, 26), (4236778686, 51), (4255740279, 30), (4265068917, 72)]) 0
3 10 3 7
jd= ([(29969366, 8), (1500823332, 10), (3945510469, 15)], [(1087098125, 43), (1209049019, 142), (1265597312, 42), (1569315003, 40), (1627466238, 39), (2719991973, 77), (2768834132, 44), (2904340578, 49), (3789621120, 58), (4265068917, 42)]) 0
3 10 3 7
jd= ([(3439762469, 29), (3694970364, 22), (3945510469, 22)], [(42532919, 35), (303550463, 44), (508159799, 47), (592560920, 32), (1231243875, 51), (2581440075, 32), (3309948841, 48), (3779353063, 40), (3839304470, 56), (3850250705, 33)]) 0
3 10 3 7
jd= ([(3439762469, 29), (3694970364, 22), (3945510469, 22)], [(273566732, 64), (498359623, 69), (636181722, 66), (787016426, 39), (1015153894, 42), (2257823612, 39), (2375758793, 42), (2563560435, 41), (2632100568, 56), (3251147050, 44)]) 0
3 10 3 7
jd= ([(29969366, 1), (2720826543, 43), (3945510469, 22)], [(335508356, 49), (515384450, 61), (1060594592, 638), (1466420295, 75), (1730046228, 40), (1741691678, 37), (1801728772, 46), (1957622189, 50), (3342114452, 52), (3899937096, 94)]) 0
2 3 3 7
jd= ([(2545178043, 1), (3258716088, 1)], [(3439762469, 29), (3694970364, 22), (3945510469, 22)]) 0
2 10 3 7
jd= ([(3439762469, 32), (3945510469, 15)], [(27670845, 24), (104694578, 25), (712172848, 40), (1115802360, 26), (1590180516, 44), (1798512114, 43), (1801728772, 41), (2588313566, 45), (3650136869, 50), (3717970457, 24)]) 0
3 10 3 7
jd= ([(29969366, 5), (1801728772, 47), (3945510469, 17)], [(517545930, 251), (613147939, 51), (2187248509, 51), (2582660917, 62), (3082132101, 63), (3243635926, 45), (3402305592, 63), (3526416778, 404), (3565255749, 50), (3731342344, 45)]) 0
3 10 3 7
jd= ([(3439762469, 29), (3694970364, 22), (3945510469, 22)], [(1209818124, 275), (1362780688, 317), (1462434896, 146), (1907725418, 111), (2565376211, 238), (2954990628, 160), (3049820862, 147), (3506950176, 137), (3555163537, 270), (4104646909, 124)]) 0
4 10 3 7
jd= ([(29969366, 9), (328425577, 11), (2331133902, 24), (3945510469, 19)], [(99847253, 42), (459912527, 46), (787016426, 59), (1214446332, 57), (2362718401, 38), (3082132101, 50), (3557704597, 55), (3655586432, 74), (3802258617, 39), (4265068917, 37)]) 0
3 10 3 7
jd= ([(3439762469, 29), (3694970364, 22), (3945510469, 22)], [(784549454, 14), (980024540, 30), (1115802360, 28), (1239968050, 24), (1447647657, 23), (1579012376, 28), (1973227394, 36), (2643411935, 31), (3251147050, 20), (3511877359, 16)]) 0
2 10 3 7
jd= ([(29969366, 1), (3945510469, 1)], [(47109403, 26), (367482656, 21), (1016372740, 26), (1447223451, 20), (1570284953, 25), (2287851967, 45), (3031583875, 44), (3035342212, 34), (3900904980, 32), (4265068917, 21)]) 0
3 10 3 7
jd= ([(29969366, 8), (1500823332, 10), (3945510469, 15)], [(1087098125, 43), (1209049019, 142), (1265597312, 42), (1569315003, 40), (1627466238, 39), (2719991973, 77), (2768834132, 44), (2904340578, 49), (3789621120, 58), (4265068917, 42)]) 0
3 10 3 7
jd= ([(29969366, 1), (2979626971, 23), (3945510469, 22)], [(69551480, 33), (148333284, 63), (291115008, 29), (910084609, 22), (1744114548, 38), (3395107869, 29), (3575022058, 23), (4099477093, 25), (4251316573, 46), (4265068917, 20)]) 0
3 10 3 7
jd= ([(3439762469, 29), (3694970364, 22), (3945510469, 22)], [(317625867, 61), (405614595, 53), (595626057, 81), (709393193, 48), (931906488, 50), (1115802360, 93), (1468977167, 46), (2933870035, 46), (3260838642, 79), (3711684479, 52)]) 0
6 10 3 7
jd= ([(1911250419, 12), (3164137661, 13), (3439762469, 26), (3485857261, 54), (3694970364, 33), (3945510469, 28)], [(477815436, 43), (814147458, 92), (1093403478, 40), (1492258102, 68), (2216169524, 70), (2228208944, 37), (2385964959, 47), (2510232158, 35), (2904340578, 44), (3638230967, 40)]) 0
9 10 3 7
jd= ([(1473218222, 11), (2331133902, 16), (2786430334, 16), (3073684923, 15), (3109469434, 22), (3439762469, 22), (3694970364, 23), (3846815492, 27), (3945510469, 23)], [(170302056, 61), (1026921502, 47), (1928404430, 63), (2169759406, 68), (2320938539, 74), (2854502019, 55), (3045736618, 75), (3259290336, 45), (3726975731, 44), (4115887790, 46)]) 0
3 10 3 7
jd= ([(3439762469, 29), (3694970364, 22), (3945510469, 22)], [(1214446332, 124), (2116522003, 85), (2643411935, 65), (2857856262, 54), (2949920298, 46), (3033221104, 64), (3178321954, 46), (3546610023, 46), (4008758829, 46), (4102739174, 78)]) 0
